-84.462 69.459 38819
-75.783 78.879 32878
-96.002 64.319 34503
-93.125 66.397 37239
-80.778 79.657 30619
-83.348 64.189 34553
-82.485 62.852 36944
-76.531 64.23 38451
-86.416 80.053 33198
-79.577 80.605 36365
-81.824 69.371 37112
-81.824 69.371 38173
-91.542 63.162 36752
-90.062 68.09 32698
-79.592 62.289 33724
-75.042 82.648 35895
-92.298 63.304 37628
-78.135 63.294 37932
-91.078 65.215 35402
-77.962 72.701 32488
-86.371 66.653 36387
-94.896 74.689 38157
-91.208 63.25 38221
-84.115 64.577 36163
-85.089 63.775 36773
-91.936 68.594 38617
-83.324 68.551 38142
-92.985 67.312 38804
-76.845 81.413 33002
-89.445 65.879 33790
-92.11 62.81 36309
