-84.4616 69.4586 134 0.6i
-94.0701 61.0976 354 0.6i
-75.783333 78.879997 90 0.6i
-96.0024 64.3185 252 0.6i
-93.1252 66.3971 128 0.6i
-80.778328 79.65667 310 0.6i
-83.347832 64.188797 332 0.6i
-82.484642 62.851799 60 0.6i
-76.530502 64.229942 342 0.6i
-86.4158 80.0532 90 0.6i
-94.0884 58.7592 272 0.6i
-81.638 69.9945 92 0.6i
-79.576668 80.605003 354 0.6i
-81.8243 69.3712 4 0.6i
-78.1186 58.4509 90 0.6i
-91.542 63.1622 56 0.6i
-90.0616 68.0898 170 0.6i
-83.5361 69.1086 304 0.6i
-79.591835 62.289333 308 0.6i
-79.373581 71.326279 172 0.6i
-75.041672 82.648331 90 0.6i
-92.2977 63.3043 330 0.6i
-78.135452 63.293659 220 0.6i
-91.0784 65.2146 130 0.6i
-77.962 72.7012 188 0.6i
-86.3709 66.6532 328 0.6i
-94.8962 74.6892 172 0.6i
-79.2324 56.5359 300 0.6i
-91.2081 63.2502 338 0.6i
-84.114517 64.576668 34 0.6i
-85.088692 63.775139 154 0.6i
-91.9364 68.5936 226 0.6i
-83.3238 68.5513 62 0.6i
-92.9849 67.3116 58 0.6i
-76.845001 81.41333 144 0.6i
-89.4445 65.8792 320 0.6i
-92.1095 62.8102 60 0.6i
